0
0
0
0
0
0
0
0
0
0
0
0
0
0
0
0
0
0
0
0
0
0
0
0
0
0
0
0
0
0
0
0
0
0
0
0
0
0
0
0
0
0
0
0
0
71
67
62
60
59
56
56
56
56
56
56
56
56
56
56
56
56
56
56
56
56
56
56
56
56
56
56
56
56
56
56
56
56
56
56
56
56
56
56
56
55
51
45
45
38
26
15
6
0
0
0
0
0
1
10
21
30
38
44
47
48
48
41
34
26
17
11
6
4
4
4
10
20
30
40
40
52
62
72
76
81
81
78
69
60
51
44
39
37
37
38
42
49
57
63
70
77
82
87
87
89
88
82
74
62
56
56
37
37
34
34
35
43
48
60
65
72
75
78
79
79
72
72
72
72
72
21
15
14
14
14
20
26
26
33
41
49
52
55
58
60
60
58
55
48
41
34
28
23
19
18
18
20
24
32
42
50
56
61
64
64
63
55
45
35
27
21
19
19
21
21
38
38
48
58
63
67
69
71
71
71
68
68
68
68
68
68
68
68
68
68
68
65
59
52
39
27
18
7
7
6
4
4
6
15
23
33
43
50
56
58
58
56
49
42
35
30
30
30
36
36
36
36
36
